%YAML:1.0
---
calibration_time: "2022年04月03日 星期日 17时17分19秒"
image_width: 640
image_height: 480
board_width: 11
board_height: 8
square_size: 1.
flags: 0
camera_matrix: !!opencv-matrix
   rows: 3
   cols: 3
   dt: d
   data: [ 6.3934078930005410e+02, 0., 3.1670154433235803e+02, 0.,
       6.3912307896680147e+02, 2.4675954051963538e+02, 0., 0., 1. ]
distortion_coefficients: !!opencv-matrix
   rows: 5
   cols: 1
   dt: d
   data: [ 7.9134246056524582e-02, -9.2967246853173473e-03,
       3.4771970241973364e-03, 4.2897949501169760e-03, 0. ]
avg_reprojection_error: 1.8651056588959011e-01
